1
1
3
3
5
1
4
8
5
1
8
4
6
14
10
1
11
18
18
7
3
19
2
10
6
5
6
7
21
2
17
7
19
9
29
1
28
38
29
16
11
37
32
3
13
43
39
26
23
42
34
24
45
8
37
11
46
1
40
10
9
52
8
11
63
66
35
59
24
63
52
53
26
38
3
1
7
24
9
3
6
4
59
81
2
19
38
9
53
35
91
21
30
65
65
41
34
13
27
80
64
94
83
70
25
45
90
78
106
107
83
59
88
37
51
92
36
30
105
53
105
66
18
69
111
50
49
11
86
51
29
108
95
37
9
61
69
74
102
65
133
62
92
52
90
11
28
103
87
104
122
134
133
13
35
24
47
13
2
110
121
3
45
141
156
81
27
7
110
94
129
73
20
21
79
41
27
146
118
172
61
145
39
159
122
180
96
144
48
12
16
141
36
65
86
176
114
15
194
176
8
42
73
23
157
8
18
114
36
197
25
154
38
129
17
185
60
110
145
34
185
144
125
57
118
192
122
127
52
161
110
174
88
133
92
38
217
144
216
114
209
217
54
159
8
185
234
235
105
72
211
157
61
198
100
250
162
98
57
210
58
77
93
166
25
52
24
189
121
195
78
144
237
176
182
58
94
190
17
216
124
231
19
105
137
227
224
44
243
142
83
251
124
21
191
81
84
244
17
258
249
36
90
208
242
182
105
70
138
145
10
110
53
243
63
104
124
63
128
57
130
295
118
305
121
271
89
274
18
241
63
170
261
322
225
278
33
109
161
4
190
274
174
185
39
147
6
188
299
313
84
255
60
258
153
67
40
216
64
19
289
332
182
310
119
105
261
88
17
292
195
158
97
52
316
6
138
200
291
136
70
170
299
255
65
20
52
108
1
2
248
232
340
31
197
238
382
150
362
393
205
171
74
297
405
180
138
187
191
234
31
358
308
246
172
335
197
97
82
222
305
365
105
281
37
276
4
344
132
368
205
426
137
23
407
281
339
193
270
370
140
162
407
318
261
258
43
153
160
244
192
327
301
396
166
237
279
61
284
110
120
272
95
429
152
246
213
309
124
420
41
100
310
57
384
399
26
214
69
403
36
442
14
479
425
86
99
89
54
485
250
3
410
459
273
394
415
259
454
226
